Running 37 test cases...
31
31
31
31
31
31
31
31
31
31
31
31
31
31
31
31
31
31
31
31
done5
30
30
30
30
30
30
30
30
30
30
30
30
30
30
30
30
30
30
30
30
30
30
30
30
30
30
30
30
30
30
30
30
30
30
30
30
31
31
31
31
31
31
31
31
31
31
31
31
31
31
31
31
31
31
31
31
31
31
31
31
31
31
31
31
31
31
31
31
31
31
31
31
31
31
31
31
31
31
31
31
31
31
31
31
31
31
31
31
31
31
31
31
31
31
31
31
31
31
31
31
31
31
31
31
31
31
31
31
31
31
31
31
31
31
31
31
31
31
31
31
31
31
31
31
31
31
31
31
31
31
31
31
31
31
31
31
31
31
31
31
31
31
31
31
31
31
31
31
31
31
31
31
31
31
31
31
31
31
31
31
31
31
31
31
31
31
31
31
31
31
31
31
31
31
31
31
31
31
31
31
tests/test_msa.cpp(524): error in "test_run_msa_sial_human": check { result.begin(), result.end() } == { expected.begin(), expected.end() } failed. 
Mismatch in a position 2: GDNGEED-GEEE != GDNGEE-DGEEE
Mismatch in a position 7: GDNGEED-GEEE != GDNGEE-DGEEE
30
30
30
30
30
30
30
30
30
30
30
30
30
30
30
30
30
30
30
30
30
30
30
30
30
30
30
30
30
30
CTCW
C--W
CTCW
C--W
