GOOD:
A -2 -2 0 -1 -1 0.8 -0.6 1.6 -1.2 -1 1 
B 3.5 3.5 -0.5 1 1 -0.4 0.9 -1.1 1.5 0.8 -0.2 
C -3 -3 -3 -4 -4 0 -1.4 -1.8 -3.8 -3.8 -2.4 
D 6 1 -1 2 2 -0.4 1.6 -1.4 2.8 1.6 0.4 
E 2 0 -2 5 5 -0.2 1.4 -1.6 4.4 4.4 2.6 
F -3 -3 -3 -3 -3 -0.4 -1.2 -2.6 -3 -3 -2.6 
G -1 0 6 -2 -2 0 -0.6 3.6 -1.8 -2 -1.2 
H -1 1 -2 0 0 -0.4 -0.2 -2 -0.2 0 -0.8 
I -3 -3 -4 -3 -3 -0.2 -1.2 -2.8 -3 -3 -2.2 
K -1 0 -2 1 1 -0.2 0 -1.6 0.6 1 0.2 
L -4 -3 -4 -3 -3 -0.2 -1.4 -2.8 -3.2 -2.8 -2.2 
M -3 -2 -3 -2 -2 -0.2 -1 -2.2 -2.2 -1.6 -1.6 
N 1 6 0 0 0 -0.4 0.2 -0.8 0.2 0 -0.8 
P -1 -2 -2 -1 -1 -0.2 -0.4 -1.6 -1 -1 -1 
Q 0 0 -2 2 2 -0.2 0.4 -1.6 1.6 2.6 0.8 
R -2 0 -2 0 0 -0.2 -0.4 -1.6 -0.4 0.2 -0.4 
S 0 1 0 0 0 0.2 0 0.4 0 0 0.4 
T -1 0 -2 -1 -1 0 -0.4 -1.2 -1 -1 -0.6 
V -3 -3 -3 -2 -2 0 -1 -1.8 -2.2 -2 -1.2 
W -4 -4 -2 -3 -3 -0.6 -1.4 -2.4 -3.2 -2.8 -3 
X -1.3 -0.9 -1.7 -0.85 -0.85 -0.16 -0.43 -1.34 -0.94 -0.8 -0.83 
Y -3 -2 -3 -2 -2 -0.4 -1 -2.6 -2.2 -1.8 -2 
Z 1 0 -2 3.5 3.5 -0.2 0.9 -1.6 3 3.5 1.7 
