BAD:
A  0   -2   -2 0 -1 -0.8 0.8 -0.4 -0.4 1.6 -1.2 -1 1 
B -0.5  3.5  3.5 -0.5 1 0.8 -0.4 0.4 0.7 -1.1 1.5 0.8 -0.2 
C -3   -3   -3 -3 -4 -3.2 0 -1.6 -0.6 -1.8 -3.8 -3.8 -2.4 
D -1    6    1 -1 2 1.6 -0.4 0.8 1.2 -1.4 2.8 1.6 0.4 
E -2    2    0 -2 5 4 -0.2 2 0.4 -1.6 4.4 4.4 2.6 
F -3   -3   -3 -3 -3 -2.4 -0.4 -1.2 -0.6 -2.6 -3 -3 -2.6 
G  6   -1    0 6 -2 -1.6 0 -0.8 -0.2 3.6 -1.8 -2 -1.2 
H -2   -1    1 -2 0 0 -0.4 0 -0.2 -2 -0.2 0 -0.8 
I -4   -3   -3 -4 -3 -2.4 -0.2 -1.2 -0.6 -2.8 -3 -3 -2.2 
K -2   -1    0 -2 1 0.8 -0.2 0.4 -0.2 -1.6 0.6 1 0.2 
L -4   -4   -3 -4 -3 -2.4 -0.2 -1.2 -0.8 -2.8 -3.2 -2.8 -2.2 
M -3   -3   -2 -3 -2 -1.6 -0.2 -0.8 -0.6 -2.2 -2.2 -1.6 -1.6 
N  0    1    6 0 0 0 -0.4 0 0.2 -0.8 0.2 0 -0.8 
P -2   -1   -2 -2 -1 -0.8 -0.2 -0.4 -0.2 -1.6 -1 -1 -1 
Q -2    0    0 -2 2 1.6 -0.2 0.8 0 -1.6 1.6 2.6 0.8 
R -2   -2    0 -2 0 0 -0.2 0 -0.4 -1.6 -0.4 0.2 -0.4 
S  0    0    1 0 0 0 0.2 0 0 0.4 0 0 0.4 
T -2   -1    0 -2 -1 -0.8 0 -0.4 -0.2 -1.2 -1 -1 -0.6 
V -3   -3   -3 -3 -2 -1.6 0 -0.8 -0.6 -1.8 -2.2 -2 -1.2 
W -2   -4   -4 -2 -3 -2.4 -0.6 -1.2 -0.8 -2.4 -3.2 -2.8 -3 
X -1.7 -1.3 -0.9 -1.7 -0.85 -0.68 -0.16 -0.34 -0.26 -1.34 -0.94 -0.8 -0.83 
Y -3   -3   -2 -3 -2 -1.6 -0.4 -0.8 -0.6 -2.6 -2.2 -1.8 -2 
Z -2    1    0 -2 3.5 2.8 -0.2 1.4 0.2 -1.6 3 3.5 1.7 
